3 0.7578125 0 0.765625 0 0.7705078125 0.008018327605956471 0.7724609375 0.0286368843069874 0.771484375 0.054982817869415807 0.767578125 0.06643757159221077 0.7646484375 0.06758304696449026 0.76171875 0.06414662084765177 0.7626953125 0.041237113402061855 0.7578125 0.032073310423825885 0.7568359375 0.021764032073310423 0.7529296875 0.012600229095074456 0.7529296875 0.008018327605956471 0.7578125 0.001145475372279496
3 0.9716796875 0.048109965635738834 0.96875 0.027491408934707903 0.970703125 0.016036655211912942 0.9736328125 0.011454753722794959 0.9765625 0.011454753722794959 0.98046875 0.01718213058419244 0.984375 0.032073310423825885 0.984375 0.044673539518900345 0.9814453125 0.049255441008018326 0.97265625 0.048109965635738834
3 0.7734375 0.10423825887743414 0.7919921875 0.10538373424971363 0.810546875 0.11683848797250859 0.8212890625 0.13058419243986255 0.833984375 0.15463917525773196 0.84375 0.17983963344788087 0.84375 0.1981672394043528 0.8369140625 0.21420389461626574 0.837890625 0.24398625429553264 0.8359375 0.2508591065292096 0.82421875 0.2588774341351661 0.8212890625 0.2646048109965636 0.8193359375 0.27147766323024053 0.8203125 0.28751431844215347 0.82421875 0.2943871706758305 0.833984375 0.29667812142038946 0.8447265625 0.30698739977090495 0.8974609375 0.3333333333333333 0.9150390625 0.34936998854524626 0.939453125 0.41695303550973656 0.9443359375 0.4558991981672394 0.9521484375 0.4845360824742268 0.9541015625 0.5017182130584192 0.94921875 0.5189003436426117 0.9453125 0.5246277205040092 0.9423828125 0.5234822451317297 0.8916015625 0.46849942726231386 0.8876953125 0.4581901489117984 0.87890625 0.44673539518900346 0.8671875 0.43757159221076747 0.859375 0.43757159221076747 0.810546875 0.46048109965635736 0.77734375 0.47193585337915234 0.7646484375 0.4833906071019473 0.759765625 0.49828178694158076 0.748046875 0.5120274914089347 0.7255859375 0.5097365406643757 0.720703125 0.5131729667812142 0.716796875 0.5200458190148912 0.716796875 0.5337915234822451 0.7138671875 0.54524627720504 0.7041015625 0.561282932416953 0.6962890625 0.5693012600229095 0.6845703125 0.5647193585337915 0.6689453125 0.5544100801832761 0.6630859375 0.5532646048109966 0.654296875 0.5555555555555556 0.65234375 0.5532646048109966 0.65234375 0.5429553264604811 0.65625 0.5349369988545246 0.654296875 0.5097365406643757 0.646484375 0.5097365406643757 0.6337890625 0.5166093928980527 0.6259765625 0.5154639175257731 0.6162109375 0.5085910652920962 0.6083984375 0.49828178694158076 0.6015625 0.4822451317296678 0.5927734375 0.44558991981672397 0.591796875 0.4238258877434135 0.595703125 0.4043528064146621 0.59375 0.3848797250859107 0.560546875 0.3344788087056128 0.5576171875 0.3207331042382589 0.564453125 0.3207331042382589 0.5703125 0.32760595647193586 0.572265625 0.32531500572737687 0.5673828125 0.3138602520045819 0.5673828125 0.30011454753722794 0.5634765625 0.2920962199312715 0.5634765625 0.2852233676975945 0.5703125 0.281786941580756 0.5703125 0.27605956471935855 0.57421875 0.27033218785796104 0.5791015625 0.27147766323024053 0.583984375 0.27720504009163804 0.587890625 0.28865979381443296 0.5908203125 0.2829324169530355 0.5908203125 0.27605956471935855 0.5986328125 0.27491408934707906 0.607421875 0.30011454753722794 0.6123046875 0.30469644902634596 0.6162109375 0.3024054982817869 0.6201171875 0.30469644902634596 0.6240234375 0.3218785796105384 0.6318359375 0.3344788087056128 0.6337890625 0.3413516609392898 0.6337890625 0.35967926689576174 0.63671875 0.36082474226804123 0.6533203125 0.32875143184421535 0.6640625 0.3172966781214204 0.6826171875 0.30813287514318444 0.7158203125 0.30126002290950743 0.736328125 0.290950744558992 0.7392578125 0.286368843069874 0.7314453125 0.26804123711340205 0.7265625 0.24742268041237114 0.7158203125 0.2313860252004582 0.7060546875 0.20847651775486828 0.705078125 0.18785796105383734 0.7080078125 0.17869415807560138 0.70703125 0.16380297823596793 0.7119140625 0.1420389461626575 0.7294921875 0.11912943871706758 0.75 0.10882016036655212 0.7587890625 0.10767468499427263 0.763671875 0.10423825887743414 0.7724609375 0.10423825887743414
3 0.6552734375 0 0.6611328125 0 0.6640625 0.016036655211912942 0.671875 0.030927835051546393 0.662109375 0.09392898052691867 0.654296875 0.09507445589919816 0.654296875 0.07560137457044673 0.646484375 0.054982817869415807 0.646484375 0.045819014891179836 0.642578125 0.04009163802978236 0.642578125 0.029782359679266894 0.65234375 0.014891179839633447 0.65234375 0.004581901489117984 0.6552734375 0.001145475372279496
3 0.525390625 0.1729667812142039 0.5458984375 0.18098510882016036 0.5537109375 0.18785796105383734 0.5771484375 0.22336769759450173 0.5810546875 0.2508591065292096 0.5791015625 0.26575028636884307 0.5732421875 0.26689576174112256 0.5673828125 0.27605956471935855 0.5595703125 0.27949599083619703 0.5625 0.30584192439862545 0.5546875 0.3161512027491409 0.5478515625 0.33791523482245134 0.5478515625 0.3459335624284078 0.5546875 0.3631156930126002 0.572265625 0.3654066437571592 0.58984375 0.3837342497136312 0.5927734375 0.3928980526918671 0.5927734375 0.4009163802978236 0.5888671875 0.413516609392898 0.5888671875 0.44215349369988544 0.6005859375 0.48911798396334477 0.611328125 0.5074455899198167 0.6279296875 0.5223367697594502 0.6298828125 0.5280641466208477 0.634765625 0.5292096219931272 0.6328125 0.5337915234822451 0.6298828125 0.5292096219931272 0.6279296875 0.5326460481099656 0.630859375 0.5360824742268041 0.6279296875 0.5406643757159221 0.6318359375 0.5429553264604811 0.6298828125 0.5463917525773195 0.6337890625 0.5532646048109966 0.6357421875 0.563573883161512 0.6337890625 0.5670103092783505 0.634765625 0.570446735395189 0.623046875 0.5693012600229095 0.609375 0.5922107674684994 0.5859375 0.5922107674684994 0.5830078125 0.5945017182130584 0.587890625 0.6002290950744559 0.60546875 0.6048109965635738 0.6044921875 0.6265750286368843 0.59375 0.6471935853379153 0.59375 0.6506300114547537 0.603515625 0.6689576174112256 0.60546875 0.6815578465063001 0.60546875 0.709049255441008 0.6015625 0.7353951890034365 0.59375 0.7502863688430699 0.5810546875 0.7537227949599083 0.5732421875 0.7594501718213058 0.564453125 0.7731958762886598 0.5517578125 0.7846506300114547 0.5458984375 0.7961053837342497 0.546875 0.8098510882016037 0.556640625 0.8316151202749141 0.5517578125 0.856815578465063 0.548828125 0.9060710194730813 0.556640625 0.981672394043528 0.556640625 0.9942726231386025 0.5537109375 0.9988545246277205 0.5341796875 0.9988545246277205 0.529296875 0.995418098510882 0.5224609375 0.9965635738831615 0.521484375 0.9988545246277205 0.4892578125 0.9988545246277205 0.486328125 0.9942726231386025 0.4814453125 0.9633447880870561 0.4775390625 0.9599083619702177 0.46484375 0.9633447880870561 0.4521484375 0.9873997709049256 0.451171875 0.9942726231386025 0.4443359375 0.9988545246277205 0.4404296875 0.9988545246277205 0.439453125 0.9965635738831615 0.4365234375 0.9988545246277205 0.4189453125 0.9988545246277205 0.41796875 0.9965635738831615 0.404296875 0.9988545246277205 0.3984375 0.9942726231386025 0.408203125 0.9702176403207331 0.4150390625 0.9427262313860252 0.4169921875 0.8865979381443299 0.4189453125 0.8797250859106529 0.4169921875 0.865979381443299 0.41796875 0.7697594501718213 0.39453125 0.7411225658648339 0.3935546875 0.7331042382588774 0.3994140625 0.7170675830469645 0.4013671875 0.7033218785796106 0.4130859375 0.6872852233676976 0.4130859375 0.6689576174112256 0.41015625 0.6552119129438717 0.3974609375 0.6254295532646048 0.39453125 0.6013745704467354 0.3759765625 0.5693012600229095 0.359375 0.561282932416953 0.35546875 0.5567010309278351 0.365234375 0.5441008018327605 0.3720703125 0.5292096219931272 0.373046875 0.5085910652920962 0.3818359375 0.4856815578465063 0.3818359375 0.4753722794959908 0.3759765625 0.4558991981672394 0.3759765625 0.43986254295532645 0.380859375 0.41695303550973656 0.3955078125 0.38946162657502864 0.39453125 0.3837342497136312 0.40234375 0.3768613974799542 0.4111328125 0.3619702176403207 0.4287109375 0.34936998854524626 0.451171875 0.35738831615120276 0.466796875 0.35853379152348225 0.478515625 0.3413516609392898 0.4765625 0.33676975945017185 0.470703125 0.3344788087056128 0.4658203125 0.3104238258877434 0.451171875 0.28865979381443296 0.4423828125 0.26575028636884307 0.4443359375 0.2256586483390607 0.4501953125 0.2073310423825888 0.4599609375 0.19358533791523483 0.478515625 0.17983963344788087 0.5009765625 0.1729667812142039 0.5244140625 0.1729667812142039
3 0.9189453125 0 0.921875 0 0.9248046875 0.008018327605956471 0.9306640625 0.014891179839633447 0.9287109375 0.027491408934707903 0.92578125 0.029782359679266894 0.919921875 0.0286368843069874 0.9169921875 0.013745704467353952 0.9189453125 0.001145475372279496
3 0.1748046875 0 0.1943359375 0 0.1923828125 0.006872852233676976 0.19140625 0.03665521191294387 0.18359375 0.050400916380297825 0.1787109375 0.046964490263459335 0.1748046875 0.001145475372279496
3 0.232421875 0.10882016036655212 0.24609375 0.1111111111111111 0.2626953125 0.12256586483390607 0.267578125 0.13516609392898052 0.2685546875 0.1672394043528064 0.2744140625 0.18671248568155785 0.27734375 0.19014891179839633 0.283203125 0.19014891179839633 0.2890625 0.19358533791523483 0.2880859375 0.21764032073310424 0.28125 0.24513172966781213 0.2802734375 0.27949599083619703 0.2705078125 0.29667812142038946 0.2734375 0.30126002290950743 0.2783203125 0.3035509736540664 0.326171875 0.31844215349369986 0.33203125 0.3230240549828179 0.345703125 0.32760595647193586 0.3525390625 0.3333333333333333 0.35546875 0.3402061855670103 0.365234375 0.4032073310423826 0.3740234375 0.427262313860252 0.3720703125 0.4547537227949599 0.3759765625 0.46735395189003437 0.3759765625 0.48109965635738833 0.3720703125 0.4856815578465063 0.3681640625 0.5246277205040092 0.36328125 0.5360824742268041 0.345703125 0.5544100801832761 0.3310546875 0.561282932416953 0.328125 0.5521191294387171 0.3291015625 0.5234822451317297 0.326171875 0.5108820160366552 0.326171875 0.49713631156930127 0.3193359375 0.4833906071019473 0.310546875 0.4856815578465063 0.306640625 0.4925544100801833 0.29296875 0.6071019473081328 0.28515625 0.6185567010309279 0.2841796875 0.6311569301260023 0.2783203125 0.6437571592210768 0.279296875 0.6529209621993127 0.2861328125 0.6586483390607102 0.2822265625 0.699885452462772 0.283203125 0.8006872852233677 0.279296875 0.8178694158075601 0.2529296875 0.8717067583046965 0.2470703125 0.8923253150057274 0.2412109375 0.9404352806414662 0.232421875 0.9896907216494846 0.23046875 0.995418098510882 0.2255859375 0.9988545246277205 0.2119140625 0.9988545246277205 0.2099609375 0.995418098510882 0.2060546875 0.9942726231386025 0.2041015625 0.9988545246277205 0.1005859375 0.9988545246277205 0.0966796875 0.9942726231386025 0.08984375 0.9644902634593356 0.0810546875 0.8911798396334479 0.072265625 0.868270332187858 0.06640625 0.845360824742268 0.064453125 0.8224513172966781 0.0517578125 0.7869415807560137 0.05078125 0.7766323024054983 0.0458984375 0.7617411225658648 0.0458984375 0.7445589919816724 0.0517578125 0.722794959908362 0.0625 0.7010309278350515 0.05859375 0.6609392898052692 0.05859375 0.6300114547537228 0.07421875 0.5807560137457045 0.0732421875 0.5532646048109966 0.0869140625 0.5360824742268041 0.083984375 0.5326460481099656 0.072265625 0.5292096219931272 0.0673828125 0.5234822451317297 0.072265625 0.4547537227949599 0.08203125 0.3951890034364261 0.0888671875 0.37915234822451316 0.09765625 0.3459335624284078 0.1083984375 0.32760595647193586 0.1142578125 0.3230240549828179 0.1318359375 0.31844215349369986 0.1552734375 0.30813287514318444 0.1640625 0.30698739977090495 0.1806640625 0.29782359679266895 0.1845703125 0.293241695303551 0.1689453125 0.2806414662084765 0.1337890625 0.26689576174112256 0.1259765625 0.2554410080183276 0.11328125 0.24284077892325315 0.1123046875 0.23711340206185566 0.125 0.21649484536082475 0.1318359375 0.19243986254295534 0.1689453125 0.13860252004581902 0.1875 0.12371134020618557 0.20703125 0.11225658648339061 0.2314453125 0.10882016036655212
3 0.806640625 0 0.833984375 0 0.8349609375 0.002290950744558992 0.83203125 0.09278350515463918 0.830078125 0.10080183276059565 0.8310546875 0.12256586483390607 0.8291015625 0.13287514318442153 0.82421875 0.13058419243986255 0.8115234375 0.1145475372279496 0.796875 0.10423825887743414 0.76171875 0.10194730813287514 0.7607421875 0.09851088201603665 0.7705078125 0.06300114547537228 0.7802734375 0.046964490263459335 0.7880859375 0.038946162657502864 0.802734375 0.03436426116838488 0.8056640625 0.030927835051546393 0.7998046875 0.008018327605956471 0.8017578125 0.003436426116838488 0.806640625 0.001145475372279496
3 0.6787109375 0 0.685546875 0 0.693359375 0.01718213058419244 0.693359375 0.027491408934707903 0.6865234375 0.045819014891179836 0.685546875 0.06643757159221077 0.6767578125 0.06643757159221077 0.6748046875 0.021764032073310423 0.6787109375 0.001145475372279496
3 0.75244140625 0.05956471935853379 0.0224609375 0.08476517754868271
3 0.9990234375 0.011454753722794959 0.9990234375 0.054982817869415807 0.9970703125 0.056128293241695305 0.994140625 0.07789232531500573 0.98828125 0.07674684994272624 0.98828125 0.06300114547537228 0.984375 0.04009163802978236 0.9873046875 0.025200458190148912 0.998046875 0.011454753722794959
2 0.2890625 0.19129438717067582 0.2890625 0.21420389461626574 0.2861328125 0.22107674684994272 0.283203125 0.22451317296678122 0.2783203125 0.22451317296678122 0.2685546875 0.21076746849942726 0.2646484375 0.20962199312714777 0.2626953125 0.21305841924398625 0.263671875 0.21993127147766323 0.26171875 0.23024054982817868 0.2587890625 0.23596792668957617 0.2509765625 0.24284077892325315 0.2412109375 0.24169530355097366 0.2333984375 0.22451317296678122 0.2060546875 0.22336769759450173 0.20703125 0.22107674684994272 0.2294921875 0.21993127147766323 0.24609375 0.20847651775486828 0.2626953125 0.20618556701030927 0.27734375 0.19129438717067582 0.2880859375 0.19129438717067582
2 0.5400390625 0.2634593356242841 0.5498046875 0.2646048109965636 0.5517578125 0.27262313860252 0.5458984375 0.27147766323024053 0.53515625 0.286368843069874 0.52734375 0.28865979381443296 0.5185546875 0.286368843069874 0.5087890625 0.27376861397479957 0.5068359375 0.27376861397479957 0.494140625 0.290950744558992 0.4873046875 0.2943871706758305 0.4765625 0.293241695303551 0.4697265625 0.286368843069874 0.462890625 0.2852233676975945 0.46875 0.27491408934707906 0.48046875 0.26918671248568155 0.4921875 0.26918671248568155 0.5 0.27262313860252 0.5078125 0.27147766323024053 0.521484375 0.2623138602520046 0.5390625 0.2634593356242841