0 0.225 0.15625 0.23125 0.165625 0.234375 0.18125 0.2390625 0.1890625 0.2359375 0.1921875 0.2234375 0.190625 0.203125 0.1953125 0.196875 0.19375 0.19375 0.1859375 0.196875 0.1640625 0.20625 0.153125 0.2109375 0.1515625 0.2203125 0.153125 0.2234375 0.15625
0 0.1640625 0.1921875 0.1703125 0.19375 0.1796875 0.203125 0.1859375 0.221875 0.1859375 0.2359375 0.18125 0.240625 0.15625 0.24375 0.146875 0.24375 0.140625 0.2390625 0.1421875 0.2109375 0.146875 0.2015625 0.1546875 0.19375 0.1625 0.1921875
0 0.3109375 0.1453125 0.3171875 0.15 0.31875 0.1609375 0.3171875 0.1734375 0.309375 0.1734375 0.2921875 0.1625 0.2921875 0.1515625 0.2953125 0.1453125 0.3 0.140625 0.309375 0.1453125
0 0.3828125 0.1578125 0.3875 0.159375 0.3921875 0.1671875 0.3921875 0.1796875 0.3859375 0.184375 0.375 0.184375 0.3703125 0.18125 0.3734375 0.1640625 0.3765625 0.159375 0.38125 0.1578125
0 0.946875 0.36875 0.9515625 0.3703125 0.9671875 0.3859375 0.9765625 0.4046875 0.9765625 0.43125 0.9734375 0.440625 0.9734375 0.4609375 0.9703125 0.4640625 0.959375 0.4640625 0.9265625 0.45 0.90625 0.446875 0.89375 0.4359375 0.884375 0.4234375 0.88125 0.415625 0.88125 0.4109375 0.884375 0.4078125 0.89375 0.40625 0.903125 0.396875 0.9125 0.3796875 0.9203125 0.371875 0.928125 0.36875 0.9453125 0.36875
0 0.8578125 0.3046875 0.865625 0.3078125 0.8765625 0.321875 0.8796875 0.3609375 0.8765625 0.3671875 0.8625 0.3703125 0.853125 0.375 0.8421875 0.375 0.825 0.3671875 0.81875 0.3609375 0.815625 0.353125 0.8265625 0.3359375 0.828125 0.328125 0.8375 0.3109375 0.84375 0.30625 0.85625 0.3046875
0 0.21875 0.2390625 0.2265625 0.240625 0.246875 0.253125 0.2625 0.26875 0.2765625 0.29375 0.2828125 0.31875 0.284375 0.334375 0.2828125 0.3796875 0.2921875 0.403125 0.29375 0.4265625 0.2859375 0.4390625 0.278125 0.446875 0.2578125 0.4578125 0.25 0.45625 0.2375 0.446875 0.2109375 0.415625 0.1875 0.3921875 0.1671875 0.3671875 0.1515625 0.334375 0.153125 0.3046875 0.15625 0.2984375 0.1671875 0.2875 0.1796875 0.2578125 0.1875 0.25 0.1984375 0.24375 0.209375 0.2390625 0.2171875 0.2390625
0 0.275 0.134375 0.28125 0.140625 0.284375 0.1484375 0.2859375 0.1625 0.2828125 0.1640625 0.275 0.1625 0.2578125 0.1515625 0.2625 0.1359375 0.2671875 0.1328125 0.2734375 0.134375
0 0.25859375 0.1703125 0.0328125 0.034375
0 0.4203125 0.14375 0.425 0.146875 0.428125 0.153125 0.43125 0.1734375 0.428125 0.178125 0.415625 0.1828125 0.403125 0.1921875 0.396875 0.1921875 0.39375 0.1890625 0.4 0.1546875 0.40625 0.1453125 0.41875 0.14375
0 0.3140625 0.13125 0.3203125 0.14375 0.3203125 0.1484375 0.3171875 0.153125 0.3109375 0.146875 0.2984375 0.1421875 0.303125 0.13125 0.30625 0.1296875 0.3125 0.13125
0 0.478125 0.1359375 0.4859375 0.146875 0.4875 0.159375 0.475 0.1703125 0.4640625 0.1703125 0.4609375 0.1671875 0.4609375 0.1578125 0.4625 0.1484375 0.4671875 0.1390625 0.471875 0.1359375 0.4765625 0.1359375
0 0.6828125 0.2359375 0.6890625 0.240625 0.69375 0.2515625 0.6953125 0.275 0.6796875 0.2828125 0.6625 0.2828125 0.65625 0.278125 0.6546875 0.271875 0.6640625 0.240625 0.6703125 0.2359375 0.68125 0.2359375
0 0.6015625 0.15 0.609375 0.165625 0.609375 0.1828125 0.6125 0.2 0.6078125 0.20625 0.5921875 0.2046875 0.575 0.1859375 0.571875 0.178125 0.571875 0.171875 0.5796875 0.153125 0.5859375 0.146875 0.596875 0.146875 0.6 0.15
0 0.296875 0.165625 0.303125 0.1703125 0.3078125 0.178125 0.309375 0.1890625 0.30625 0.1984375 0.2875 0.1953125 0.278125 0.1875 0.278125 0.1796875 0.2828125 0.1671875 0.2890625 0.1640625 0.2953125 0.165625